350.2571537, 19.8918125
351.4671158, 19.4590063
352.6770779, 19.0262001
353.2815688, 19.0260134
354.4905507, 19.02564
355.7005128, 18.5928338
356.3050036, 18.5926471
357.5139856, 18.5922737
358.7229674, 18.5919002
359.3274583, 18.5917135
360.5364402, 18.5913401
361.7464023, 18.1585339
362.3508932, 18.1583472
363.5598751, 18.1579738
364.7688568, 18.1576004
365.3733478, 18.1574136
366.5823296, 18.1570402
367.7913115, 18.1566668
368.3958025, 18.1564801
369.6047843, 18.1561066
370.8147464, 17.7233005
371.4192373, 17.7231136
372.6282192, 17.7227403
373.8372009, 17.7223669
374.4416919, 17.7221802
375.6506737, 17.7218067
376.8596556, 17.7214333
377.4641466, 17.7212466
378.6731284, 17.7208732
379.2776193, 17.7206864
380.4866012, 17.720313
381.695583, 17.7199396
382.300074, 17.7197529
383.5100361, 17.2869467
384.7190178, 17.2865733
385.3235088, 17.2863866
386.5324906, 17.2860131
387.7414725, 17.2856397
388.3459634, 17.285453
389.5549453, 17.2850796
390.7639272, 17.2847061
391.3684181, 17.2845194
392.5773999, 17.284146
393.7863818, 17.2837725
394.3908727, 17.2835858
395.6008348, 16.8507797
396.8098166, 16.8504062
397.4143075, 16.8502195
398.6232894, 16.8498461
399.8322713, 16.8494727
400.4367622, 16.8492859
401.645744, 16.8489125
402.8547259, 16.8485391
403.4592168, 16.8483524
404.6681987, 16.8479789
405.2726896, 16.8477922
406.4816714, 16.8474188
407.6906533, 16.8470453
408.2961245, 16.4144259
409.5051063, 16.4140525
410.7140882, 16.413679
411.3185791, 16.4134923
412.5275609, 16.4131189
413.7365428, 16.4127455
414.3410337, 16.4125588
415.5500156, 16.4121853
416.7589974, 16.4118119
417.3634883, 16.4116252
418.5724702, 16.4112517
419.781452, 16.4108783
420.3859428, 16.4106916
421.5949248, 16.4103182
422.8039066, 16.4099447
423.4083976, 16.409758
424.6173794, 16.4093846
425.8263612, 16.4090112
426.4308522, 16.4088243
427.639834, 16.408451
428.8488159, 16.4080776
429.4533068, 16.4078909
430.6622887, 16.4075174
431.2667796, 16.4073307
432.4757614, 16.4069573
433.6857235, 15.9741511
434.2902145, 15.9739643
435.4991963, 15.9735909
436.7081781, 15.9732176
437.3126691, 15.9730308
438.5216509, 15.9726574
439.7306328, 15.972284
440.3351237, 15.9720973
441.5441055, 15.9717238
442.7530874, 15.9713504
443.3575783, 15.9711637
444.5665602, 15.9707903
445.7765222, 15.5379841
446.3810132, 15.5377974
447.589995, 15.5374238
448.7989769, 15.5370504
449.4034678, 15.5368638
450.6124497, 15.5364904
451.8214315, 15.5361169
452.4259224, 15.5359302
453.6349043, 15.5355568
454.8438861, 15.5351834
455.4483771, 15.5349966
456.6573589, 15.5346232
457.2628301, 15.1020038
458.4718119, 15.1016303
459.6807938, 15.1012569
460.2852847, 15.1010702
461.4942666, 15.1006968
462.7032484, 15.1003233
463.3077393, 15.1001366
464.5167212, 15.0997632
465.725703, 15.0993897
466.3301939, 15.099203
467.5391758, 15.0988296
468.7481575, 15.0984562
469.3526486, 15.0982695
470.5616303, 15.097896
471.7706123, 15.0975226
472.3751032, 15.0973359
473.584085, 15.0969624
474.7930669, 15.096589
475.3975578, 15.0964023
476.6065397, 15.0960289
477.8155215, 15.0956554
478.4200124, 15.0954687
479.6289943, 15.0950953
480.8379761, 15.0947219
481.4424671, 15.0945351
482.6524292, 14.661729
483.861411, 14.6613555
484.4659019, 14.6611688
485.6748838, 14.6607954
486.2793747, 14.6606087
487.4883565, 14.6602353
488.6973384, 14.6598618
489.3018293, 14.659675
490.5108112, 14.6593016
491.719793, 14.6589282
492.3242839, 14.6587415
493.5332658, 14.6583681
494.7432279, 14.2255619
495.3477188, 14.2253752
496.5567007, 14.2250018
497.7656825, 14.2246284
498.3701734, 14.2244416
499.5791553, 14.2240682
500.7881371, 14.2236948
501.3926281, 14.2235081
502.6016099, 14.2231346
503.8105918, 14.2227611
504.4150827, 14.2225745
505.6240645, 14.2222011
506.8330464, 14.2218276
507.4375373, 14.2216409
508.6465191, 14.2212675
509.8555009, 14.2208941
510.4599919, 14.2207073
511.6689737, 14.2203339
512.2734647, 14.2201472
513.4824465, 14.2197738
514.6914284, 14.2194003
515.2959193, 14.2192136
516.5049012, 14.2188402
517.713883, 14.2184668
518.3183739, 14.21828
519.5273558, 14.2179066
520.7373178, 13.7851004
521.3418088, 13.7849137
522.5507906, 13.7845403
523.7597725, 13.7841669
524.3642634, 13.7839802
525.5732453, 13.7836067
526.7822271, 13.7832333
527.3867181, 13.7830466
528.5956999, 13.7826731
529.8046817, 13.7822997
530.4091727, 13.7821129
531.6181545, 13.7817395
532.8271364, 13.7813661
533.4316273, 13.7811794
534.6406091, 13.780806
535.849591, 13.7804326
536.4540819, 13.7802457
537.6630638, 13.7798724
538.2675547, 13.7796857
539.4765365, 13.7793123
540.6855183, 13.7789388
541.2900093, 13.7787521
542.4989912, 13.7783787
543.707973, 13.7780053
544.3134442, 13.3453858
545.5224259, 13.3450123
546.7314079, 13.3446389
547.3358988, 13.3444522
548.5448807, 13.3440788
549.7538624, 13.3437054
550.3583534, 13.3435187
551.5673352, 13.3431452
552.7763171, 13.3427718
553.380808, 13.3425851
554.5897899, 13.3422116
555.7987717, 13.3418382
556.4032627, 13.3416515
557.6122445, 13.3412781
558.8212264, 13.3409046
559.4257173, 13.3407179
560.6346991, 13.3403445
561.843681, 13.3399711
562.4481719, 13.3397843
563.6571538, 13.3394109
564.2616447, 13.3392241
565.4706265, 13.3388508
566.6796084, 13.3384773
567.2840993, 13.3382906
568.4930811, 13.3379172
569.7030433, 12.905111
570.3075342, 12.9049243
571.516516, 12.9045509
572.7254979, 12.9041774
573.3299888, 12.9039907
574.5389705, 12.9036173
575.7479525, 12.9032439
576.3524434, 12.9030572
577.5614253, 12.9026836
578.7704071, 12.9023103
579.374898, 12.9021236
580.5838799, 12.9017502
581.7928617, 12.9013767
582.3973527, 12.90119
583.6063345, 12.9008166
584.8153164, 12.9004431
585.4198073, 12.9002564
586.6287891, 12.899883
587.837771, 12.8995096
588.4422619, 12.8993229
589.6512437, 12.8989494
590.8602256, 12.898576
591.4647165, 12.8983892
592.6736984, 12.8980158
593.2781893, 12.8978291
594.4881514, 12.465023
595.6971332, 12.4646495
596.3016242, 12.4644628
597.510606, 12.4640894
598.7195879, 12.463716
599.3240788, 12.4635292
600.5330606, 12.4631558
601.7420425, 12.4627824
602.3465334, 12.4625957
603.5555153, 12.4622222
604.7644971, 12.4618488
605.3689879, 12.4616621
606.5779699, 12.4612886
607.7869517, 12.4609152
608.3914426, 12.4607285
609.6004245, 12.4603551
610.8094063, 12.4599817
611.4138973, 12.4597949
612.6228791, 12.4594215
613.831861, 12.4590481
614.4363519, 12.4588614
615.6453337, 12.4584879
616.8543156, 12.4581145
617.4588065, 12.4579278
618.6677884, 12.4575544
619.2722793, 12.4573676
620.4812611, 12.4569942
621.690243, 12.4566208
622.2947339, 12.4564341
623.5037158, 12.4560606
624.7126976, 12.4556872
625.3171884, 12.4555004
626.5261704, 12.4551271
627.7351522, 12.4547536
628.3396431, 12.4545669
629.548625, 12.4541935
630.7576068, 12.45382
631.3620978, 12.4536333
632.5720599, 12.0208272
633.7810416, 12.0204537
634.3855326, 12.020267
635.5945144, 12.0198936
636.8034963, 12.0195202
637.4079873, 12.0193334
638.6169691, 12.01896
639.8259509, 12.0185866
640.4304419, 12.0183999
641.6394237, 12.0180264
642.8484056, 12.017653
643.4528965, 12.0174663
644.6628585, 11.5846601
645.2673495, 11.5844734
646.4763314, 11.5840999
647.6853132, 11.5837265
648.2898042, 11.5835398
649.498786, 11.5831664
650.7077678, 11.582793
651.3122588, 11.5826063
652.5212406, 11.5822327
653.7302225, 11.5818594
654.3347134, 11.5816727
655.5436952, 11.5812992
656.7526771, 11.5809258
657.357168, 11.5807391
658.5661499, 11.5803657
659.7751317, 11.5799922
660.3796226, 11.5798055
661.5886045, 11.5794321
662.7975862, 11.5790587
663.4020773, 11.5788719
664.611059, 11.5784985
665.820041, 11.578125
666.4245319, 11.5779383
667.6335137, 11.5775649
668.8424956, 11.5771915
669.4469865, 11.5770048
670.6559683, 11.5766314
671.2604593, 11.5764445
672.4694411, 11.5760712
673.678423, 11.5756978
674.2829139, 11.5755111
675.4918957, 11.5751376
676.7008776, 11.5747642
677.3053685, 11.5745775
678.5143504, 11.5742041
679.7233322, 11.5738306
680.3278231, 11.5736439
681.5377852, 11.1408377
682.7467671, 11.1404643
683.351258, 11.1402776
684.5602399, 11.1399042
685.7692217, 11.1395307
686.3737126, 11.139344
687.5826945, 11.1389706
688.7916763, 11.1385972
689.3961672, 11.1384105
690.6051491, 11.138037
691.8141308, 11.1376636
692.4186219, 11.1374769
693.6276036, 11.1371034
694.8365856, 11.13673
695.4410764, 11.1365433
696.6510386, 10.7037371
697.8600204, 10.7033637
698.4635311, 11.1356097
699.0660615, 12.0002885
