274.912663719832, 0.661921708185
277.6664148423, 0.638196915777
279.961932640517, 0.612099644128
282.717859351467, 0.569395017794
285.013921046806, 0.538552787662
287.769031912076, 0.502965599051
290.064277761733, 0.479240806643
292.817484987079, 0.460260972716
295.111099145374, 0.450771055753
297.862130782238, 0.450771055753
300.15329740349, 0.462633451957
302.44392012762, 0.479240806643
305.190600587518, 0.517200474496
307.478503826044, 0.55753262159
310.222736748897, 0.61684460261
312.507920501821, 0.680901542112
315.250521733313, 0.754448398576
317.536249383357, 0.813760379596
320.280482306211, 0.873072360616
322.568385544737, 0.913404507711
325.316969644558, 0.934756820878
327.608408214369, 0.944246737841
330.359167902673, 0.946619217082
332.651422318166, 0.948991696323
334.944764527899, 0.9418742586
337.697699804687, 0.925266903914
339.992673705783, 0.903914590747
342.746968725372, 0.875444839858
345.04303042071, 0.844602609727
347.797053491738, 0.818505338077
350.091483495714, 0.801897983393
352.843330978259, 0.79478054567
355.135041496631, 0.801897983393
357.426752015003, 0.809015421115
360.176423909065, 0.820877817319
362.467862478876, 0.830367734282
365.217806321499, 0.839857651246
367.504349817222, 0.892052194543
370.249942482879, 0.939501779359
372.538933515648, 0.97034400949
375.286429821226, 1.00118623962
377.57895618528, 1.00118623962
380.331347564945, 0.989323843415
382.627953157404, 0.953736654804
384.924830698424, 0.915776986951
387.680213512253, 0.877817319097
389.975459361911, 0.85409252669
392.730026330059, 0.82325029656
395.026088025398, 0.792408066429
397.783374479151, 0.737841043891
400.084059300015, 0.666666666667
402.846784724976, 0.564650059312
405.149645134324, 0.474495848161
407.453593337913, 0.374851720047
410.216046814313, 0.275207591934
412.517547480859, 0.196915776987
415.276465625974, 0.128113879004
417.572255372752, 0.099644128114
420.32627844378, 0.073546856465
422.620980396315, 0.054567022539
424.91377870893, 0.052194543298
427.664810345794, 0.052194543298
429.958424504088, 0.042704626335
432.710000038073, 0.037959667853
435.002798350686, 0.035587188612
437.75355803899, 0.037959667853
440.045812454483, 0.040332147094
442.797116039906, 0.037959667853
445.08991435252, 0.035587188612
447.840945989384, 0.035587188612
450.133472353437, 0.035587188612
452.426270666051, 0.033214709371
455.177574251475, 0.03084223013
457.470100615528, 0.03084223013
460.221404200953, 0.02846975089
462.513930565006, 0.02846975089
465.266049996111, 0.018979833926
467.558848308725, 0.016607354686
470.309879945588, 0.016607354686
472.602406309642, 0.016607354686
475.353709895066, 0.014234875445
477.64678015624, 0.009489916963
