250.95482315296, 17.931591338056
253.509099471953, 17.753136863529
255.212312198049, 17.574643420888
257.766588517043, 17.396188946361
259.469801243137, 17.21769550372
261.171928428936, 17.217773439946
263.726566594696, 16.979795172463
265.42905562726, 16.920349315734
267.131906506589, 16.801379666049
269.686544672349, 16.563401398566
271.39011924521, 16.325384162969
273.092970124539, 16.206414513284
275.64833198383, 15.849388659889
277.352268403457, 15.551847631337
279.056204823083, 15.254306602785
281.612290375905, 14.778233163478
283.316588642298, 14.421168341971
285.020525061925, 14.123627313419
287.577334308278, 13.528506288201
289.281632574671, 13.171441466693
290.986654534593, 12.695329059274
293.544187474479, 11.981160448144
295.248123894106, 11.683619419592
297.805656833991, 10.969450808463
299.509955100382, 10.612385986955
301.214615213541, 10.195797372491
303.769253379301, 9.957819105008
305.472466105396, 9.779325662367
307.175678831491, 9.600832219727
309.728869610188, 9.600949124066
311.430996795986, 9.601027060293
313.133123981784, 9.601104996519
315.686676607247, 9.541698107903
317.388803793045, 9.54177604413
319.090569132077, 9.601377773312
321.643036217243, 9.720542263562
323.344439709509, 9.839667785701
325.046205048542, 9.899269514883
327.598672133707, 10.018434005134
329.30043747274, 10.078035734317
331.002202811772, 10.137637463499
333.554669896938, 10.25680195375
335.25643523597, 10.316403682932
336.958562421768, 10.316481619159
339.511391353699, 10.376122316454
341.213518539497, 10.37620025268
343.766709318194, 10.37631715702
345.469198350758, 10.316871300291
347.171687383322, 10.257425443562
349.725240008785, 10.198018554945
351.427367194583, 10.198096491172
353.129856227146, 10.138650634443
355.683770699375, 10.019719952871
357.386259731938, 9.960274096142
359.089110611268, 9.841304446456
361.643386930262, 9.662849971929
363.34551411606, 9.662927908155
365.047641301858, 9.663005844382
367.601555774086, 9.54407516281
369.304044806649, 9.484629306081
371.006533839214, 9.425183449352
373.559724617911, 9.425300353691
375.261489956943, 9.484902082873
376.962531602444, 9.663551397967
379.514274994078, 9.90176347413
381.214231099282, 10.258984168091
383.764165257088, 10.794815209032
385.463759515526, 11.211559695949
387.16371562073, 11.568780389909
389.711116851176, 12.521277981541
391.408901875786, 13.235641433236
393.105963206864, 14.069052470843
395.653726284075, 14.962026269518
397.351511308686, 15.676389721214
399.048210792998, 16.569324551776
401.592355402553, 18.057536280009
403.2886930401, 19.009994903527
404.982859597052, 20.31959628478
407.523023892185, 22.462569735526
409.216466755607, 23.89121870269
411.761696905459, 25.200859052056
413.461653010663, 25.558079746017
415.160885422335, 26.034348025889
417.712266967204, 26.332083895008
419.413308612705, 26.510733210101
418.562606866571, 26.451170449031
419.41367045947, 26.451209417146
421.1165213388, 26.332239767461
420.265457745901, 26.332200799347
418.563330560103, 26.332122863121
419.415117846533, 26.213114245323
421.119416112925, 25.856049423815
423.682738601061, 24.189500125394
425.391740875408, 23.058625995461
427.100743149754, 21.927751865529
429.664065637889, 20.261202567108
431.371982371939, 19.308899816043
433.082070186582, 17.999454307243
435.645392674717, 16.332905008822
437.354394949064, 15.20203087889
439.063397223411, 14.071156748957
441.627443405078, 12.285559864625
443.335721985893, 11.273733320604
445.047257187599, 9.726192639981
447.605875667781, 8.833452649985
449.323200417738, 6.33353128207
451.028222377662, 5.857418874651
453.587564551374, 4.845631298743
455.291139124236, 4.607614063147
456.99616108416, 4.131501655727
459.550799249919, 3.893523388244
461.253650129248, 3.774553738559
462.956501008578, 3.655584088873
465.511501021103, 3.358082028435
467.214713747199, 3.179588585794
469.768628219427, 3.060657904222
471.470755405225, 3.060735840449
473.173606284555, 2.941766190764
475.727158910017, 2.882359302148
477.429647942581, 2.822913445419
479.132136975145, 2.763467588689
481.686051447373, 2.644536907118
483.388178633171, 2.644614843344
485.090305818969, 2.64469277957
487.643858444432, 2.585285890954
489.34598563023, 2.585363827181
491.048112816028, 2.585441763407
493.60166544149, 2.526034874791
495.303792627289, 2.526112811018
497.006281659852, 2.466666954288
499.559472438549, 2.466783858628
501.261599624347, 2.466861794855
502.963726810144, 2.466939731081
505.516917588842, 2.467056635421
507.21904477464, 2.467134571647
509.772235553338, 2.467251475987
511.474362739135, 2.467329412213
513.176489924934, 2.46740734844
515.728595163333, 2.646095631647
517.430360502366, 2.705697360829
519.132125841398, 2.765299090011
521.684954773329, 2.824939787306
523.387081959127, 2.825017723533
525.088123604628, 3.003667038627
527.640590689794, 3.122831528878
529.342356028826, 3.18243325806
531.044483214624, 3.182511194286
533.596226606259, 3.420723270449
535.297991945291, 3.480324999631
536.999757284323, 3.539926728813
539.552586216255, 3.599567426109
541.254351555287, 3.659169155291
542.956478741085, 3.659247091517
545.509669519782, 3.659363995857
547.212158552346, 3.599918139128
549.766073024574, 3.480987457556
551.468562057138, 3.421541600827
553.170689242936, 3.421619537053
555.724603715164, 3.302688855481
557.426730900962, 3.302766791708
559.129219933526, 3.243320934979
561.682410712223, 3.243437839318
563.384537898021, 3.243515775545
565.087026930585, 3.184069918815
567.639855862516, 3.243710616111
569.341983048314, 3.243788552337
571.044110234112, 3.243866488564
573.596939166043, 3.303507185859
575.299066351841, 3.303585122086
577.001193537639, 3.303663058312
579.554746163102, 3.244256169696
581.258320735963, 3.0062389341
582.961895308823, 2.768221698503
585.516533474583, 2.53024343102
587.220831740976, 2.173178609512
589.776555447032, 1.756628963161
591.479406326362, 1.637659313476
593.182257205691, 1.518689663791
595.73617167792, 1.39975898222
597.439022557249, 1.280789332535
599.141873436578, 1.16181968285
601.695064215275, 1.161936587189
603.397553247839, 1.10249073046
605.100042280403, 1.043044873731
607.653594905866, 0.983637985115
609.356083938429, 0.924192128385
611.058211124227, 0.924270064612
613.61176374969, 0.864863175996
615.313890935488, 0.864941112222
617.016379968052, 0.805495255493
619.569570746749, 0.805612159833
621.271697932547, 0.805690096059
622.973825118345, 0.805768032286
625.527015897042, 0.805884936625
627.229504929605, 0.746439079896
629.782695708303, 0.746555984236
631.4848228941, 0.746633920462
633.186950079899, 0.746711856689
635.740140858595, 0.746828761028
637.442629891159, 0.687382904299
639.144757076957, 0.687460840526
641.697947855654, 0.687577744865
643.400075041452, 0.687655681092
645.10220222725, 0.687733617318
647.655393005947, 0.687850521658
649.357882038511, 0.628404664929
651.060009224309, 0.628482601155
653.613200003005, 0.628599505495
655.315327188804, 0.628677441721
657.017454374602, 0.628755377948
659.570645153299, 0.628872282286
661.272772339097, 0.628950218514
662.975261371661, 0.569504361783
665.528452150358, 0.569621266123
667.230579336156, 0.569699202351
669.783770114853, 0.56981610669
671.485897300651, 0.569894042916
673.188024486449, 0.569971979143
675.741215265146, 0.570088883483
677.443342450944, 0.570166819709
679.145469636742, 0.570244755936
681.698660415439, 0.570361660275
683.400787601237, 0.570439596502
685.102914787035, 0.570517532728
687.656467412498, 0.511110644112
689.358594598296, 0.511188580339
691.060721784094, 0.511266516565
693.613912562791, 0.511383420905
695.316039748589, 0.511461357131
697.018166934387, 0.511539293358
699.571357713084, 0.511656197697
701.273484898882, 0.511734133924
702.97561208468, 0.51181207015
705.528802863376, 0.51192897449
707.230930049175, 0.512006910717
709.784120827872, 0.512123815056
711.48624801367, 0.512201751283
713.188375199468, 0.512279687508
715.741565978165, 0.512396591848
717.443693163963, 0.512474528075
719.145820349761, 0.512552464301
721.699011128457, 0.512669368641
723.401500161022, 0.453223511912
725.10362734682, 0.453301448138
727.656818125517, 0.453418352478
729.358945311315, 0.453496288705
731.061072497113, 0.453574224931
733.61426327581, 0.453691129271
735.316390461608, 0.453769065497
737.018517647406, 0.453847001724
739.571708426103, 0.453963906063
741.273835611901, 0.45404184229
742.975962797699, 0.454119778516
745.529153576396, 0.454236682856
747.231280762194, 0.454314619083
749.784471540891, 0.454431523422
751.486598726689, 0.454509459649
753.188725912487, 0.454587395875
755.741916691184, 0.454704300215
757.444043876982, 0.454782236441
759.14617106278, 0.454860172668
761.699361841477, 0.454977077007
763.401489027275, 0.455055013233
765.103978059839, 0.395609156505
767.657168838536, 0.395726060844
769.359296024334, 0.395803997071
771.061423210132, 0.395881933297
773.614613988828, 0.395998837637
775.316741174627, 0.396076773863
777.018868360425, 0.39615471009
779.572059139122, 0.396271614429
781.27418632492, 0.396349550656
782.976313510718, 0.396427486882
785.529504289415, 0.396544391222
787.231631475213, 0.396622327448
789.78482225391, 0.396739231788
791.486949439707, 0.396817168015
793.189076625506, 0.396895104241
795.742267404203, 0.397012008581
797.444394590001, 0.397089944807
799.146521775799, 0.397167881034
801.699712554496, 0.397284785373
803.40220158706, 0.337838928644
805.104328772858, 0.337916864871
807.657519551555, 0.33803376921
809.359646737353, 0.338111705437
811.061773923151, 0.338189641663
813.614964701848, 0.338306546003
815.317091887646, 0.338384482229
817.019219073444, 0.338462418456
819.572409852141, 0.338579322795
821.274537037939, 0.338657259022
822.976664223737, 0.338735195248
825.529855002434, 0.338852099588
827.231982188232, 0.338930035814
829.785172966929, 0.339046940154
831.487300152727, 0.339124876381
833.189427338525, 0.339202812607
835.742618117221, 0.339319716947
837.44474530302, 0.339397653173
839.146872488818, 0.3394755894
841.700063267515, 0.339592493739
843.402552300079, 0.28014663701
845.104679485877, 0.280224573237
847.657870264574, 0.280341477576
849.359997450372, 0.280419413803
851.06212463617, 0.280497350029
853.615315414867, 0.280614254369
855.317442600665, 0.280692190595
857.019569786463, 0.280770126822
859.572760565159, 0.280887031161
861.274887750957, 0.280964967388
862.977014936756, 0.281042903613
865.530205715453, 0.281159807953
867.232332901251, 0.28123774418
869.785523679948, 0.28135464852
871.487650865746, 0.281432584747
873.189778051544, 0.281510520973
875.742968830241, 0.281627425313
877.445096016039, 0.281705361539
879.147223201836, 0.281783297766
881.700413980534, 0.281900202105
883.402541166332, 0.281978138332
885.105030198896, 0.222532281603
887.658220977593, 0.222649185942
889.360348163391, 0.222727122169
891.062475349189, 0.222805058395
893.615666127886, 0.222921962735
895.317793313684, 0.222999898961
